0	2166004
10	920443
20	131062
30	18313
40	3147
50	978
60	399
70	177
80	123
90	81
100	47
110	24
120	19
130	21
140	11
150	11
160	8
170	12
180	8
190	4
200	4
210	2
220	2
230	4
240	4
250	6
260	3
270	1
280	2
290	1
300	0
310	2
320	2
330	1
340	2
350	2
360	3
370	1
380	6
390	3
400	3
410	5
420	1
430	3
440	2
450	1
460	2
470	4
480	1
490	2
500	1
510	2
520	3
530	2
540	3
550	4
560	1
570	1
580	3
590	1
600	1
610	1
620	2
630	3
640	2
650	1
660	0
670	1
680	1
690	1
700	3
710	5
720	2
730	1
740	2
750	1
760	2
770	3
780	3
790	0
800	2
810	2
820	0
830	0
840	1
850	0
860	0
870	2
880	2
890	0
900	1
910	2
920	1
930	1
940	2
950	0
960	1
970	0
980	0
990	0
1000	4
1010	1
1020	0
1030	3
1040	0
1050	1
1060	0
1070	0
1080	0
1090	0
1100	0
1110	0
1120	1
1130	1
1140	1
1150	0
1160	0
1170	1
1180	0
1190	0
1200	0
1210	1
1220	0
1230	0
1240	1
1250	0
1260	0
1270	0
1280	0
1290	1
1300	0
1310	0
1320	0
1330	1
1340	0
1350	0
1360	0
1370	0
1380	1
1390	1
1400	0
1410	1
1420	0
1430	1
1440	1
1450	0
1460	0
1470	1
1480	1
1490	0
1500	1
1510	0
1520	0
1530	0
1540	0
1550	0
1560	0
1570	0
1580	0
1590	0
1600	0
1610	0
1620	0
1630	0
1640	0
1650	0
1660	0
1670	0
1680	0
1690	0
1700	0
1710	0
1720	0
1730	0
1740	0
1750	0
1760	0
1770	0
1780	0
1790	1
1800	0
1810	0
1820	0
1830	0
1840	0
1850	0
1860	1
1870	0
1880	0
1890	0
1900	1
1910	0
1920	0
1930	0
1940	0
1950	1
1960	0
1970	0
1980	0
1990	0
2000	1
2010	0
2020	0
2030	0
2040	1
2050	0
2060	0
2070	0
2080	0
2090	1
2100	0
2110	0
2120	0
2130	0
2140	1
2150	0
2160	0
2170	0
2180	1
2190	0
2200	0
2210	0
2220	1
2230	0
2240	0
2250	0
2260	1
2270	0
2280	0
2290	0
2300	0
2310	0
2320	0
2330	0
2340	0
2350	0
2360	0
2370	0
2380	1
2390	0
2400	0
2410	1
