Confidence	Reliability	NBC	Degree	Strategy	Typed	Precision	Recall	MirP	MirR
0.000000	0.000000	0	1	1	n	0.11690923	0.45085499	0.22569929	0.43564320
0.000000	0.000000	0	4	all	n	0.09726011	0.66763251	0.13486894	0.54091755
0.000000	0.000000	0	5	all	n	0.09272841	0.70398844	0.12550728	0.56034827
0.000000	0.000000	0	3	one	t	0.18745388	0.60183056	0.25857764	0.50991241
0.000000	0.000000	0	3	50	t	0.19237887	0.58690085	0.27784026	0.50793927
0.000000	0.000000	0	3	75	n	0.10715872	0.56570778	0.18085185	0.50347440
0.000000	0.000000	0	2	all	n	0.10303553	0.60033193	0.15638199	0.48699692
0.000000	0.000000	0	5	75	n	0.10529543	0.58596346	0.17904061	0.53517442
0.000000	0.000000	0	4	one	t	0.18668358	0.61808347	0.25521373	0.53033619
0.000000	0.000000	0	2	75	t	0.19612688	0.54571337	0.29536811	0.48008442
0.000000	0.000000	0	3	one	n	0.10810829	0.53554229	0.16965435	0.46650833
0.000000	0.000000	0	4	75	n	0.10821191	0.57500605	0.18080861	0.52168908
0.000000	0.000000	0	4	50	t	0.19270787	0.59866728	0.27653664	0.52709514
0.000000	0.000000	0	4	50	n	0.10752322	0.59866728	0.17189947	0.52709514
0.000000	0.000000	0	2	50	t	0.19548690	0.55902599	0.28750576	0.48239464
0.000000	0.000000	0	4	one	n	0.10630901	0.54896095	0.16369689	0.47061020
0.000000	0.000000	0	2	one	n	0.11031570	0.52173306	0.18224644	0.46041516
0.000000	0.000000	0	5	50	t	0.18969126	0.61372753	0.27398419	0.54258215
0.000000	0.000000	0	3	50	n	0.10649635	0.58690085	0.17309228	0.50793927
0.000000	0.000000	0	3	all	t	0.18423321	0.64089402	0.22887347	0.51763129
0.000000	0.000000	0	5	one	n	0.10660541	0.56514708	0.15828304	0.47393681
0.000000	0.000000	0	1	1	t	0.20474175	0.45085499	0.35227297	0.43564320
0.000000	0.000000	0	2	50	n	0.10846379	0.55902599	0.17862139	0.48239464
0.000000	0.000000	0	2	75	n	0.10905356	0.54571337	0.18508212	0.48008442
0.000000	0.000000	0	5	one	t	0.18216388	0.64040878	0.24868009	0.54688626
0.000000	0.000000	0	3	75	t	0.19331662	0.56570778	0.28758568	0.50347440
0.000000	0.000000	0	2	one	t	0.19243440	0.57196539	0.27495992	0.48292617
0.000000	0.000000	0	4	all	t	0.18277566	0.66763251	0.22200537	0.54091755
0.000000	0.000000	0	5	75	t	0.18949344	0.58596346	0.28592425	0.53517442
0.000000	0.000000	0	3	all	n	0.09890242	0.64089402	0.14133514	0.51763129
0.000000	0.000000	0	2	all	t	0.18964971	0.60033193	0.25436654	0.48699692
0.000000	0.000000	0	5	all	t	0.17741705	0.70398844	0.21003904	0.56034827
0.000000	0.000000	0	5	50	n	0.10503136	0.61372753	0.16899150	0.54258215
0.000000	0.000000	0	4	75	t	0.19341723	0.57500605	0.28797939	0.52168908
Confidence	Reliability	NBC	Degree	Strategy	Typed	Precision	Recall	MirP	MirR
0.700000	0.000000	0	1	1	n	0.11452870	0.40258191	0.23234964	0.40975633
0.700000	0.000000	0	4	all	n	0.09608849	0.62275757	0.13931525	0.51377315
0.700000	0.000000	0	5	all	n	0.09109060	0.66250094	0.12793276	0.53492810
0.700000	0.000000	0	3	one	t	0.18405832	0.55729989	0.26645901	0.48199016
0.700000	0.000000	0	3	50	t	0.18938474	0.54552938	0.28168781	0.48061077
0.700000	0.000000	0	3	75	n	0.10632723	0.52526162	0.18454688	0.47635333
0.700000	0.000000	0	2	all	n	0.10214683	0.56070389	0.15799660	0.46460000
0.700000	0.000000	0	5	75	n	0.10411506	0.54604267	0.18248349	0.50978018
0.700000	0.000000	0	4	one	t	0.18316453	0.57246443	0.26352841	0.50277693
0.700000	0.000000	0	2	75	t	0.19234114	0.50680368	0.29727450	0.45780418
0.700000	0.000000	0	3	one	n	0.10590998	0.48482980	0.17598108	0.44270868
0.700000	0.000000	0	4	75	n	0.10715585	0.53365216	0.18448872	0.49494397
0.700000	0.000000	0	4	50	t	0.18939819	0.55639611	0.28029491	0.50016853
0.700000	0.000000	0	4	50	n	0.10649982	0.55639611	0.17500342	0.50016853
0.700000	0.000000	0	2	50	t	0.19171080	0.52054337	0.28898977	0.46016885
0.700000	0.000000	0	4	one	n	0.10372207	0.49821126	0.16980745	0.44683129
0.700000	0.000000	0	2	one	n	0.10825330	0.47269271	0.18575595	0.43660774
0.700000	0.000000	0	5	50	t	0.18636982	0.57316143	0.27716616	0.51705827
0.700000	0.000000	0	3	50	n	0.10571408	0.54552938	0.17635961	0.48061077
0.700000	0.000000	0	3	all	t	0.18079932	0.59667780	0.23755968	0.49000202
0.700000	0.000000	0	5	one	n	0.10395825	0.51488178	0.16316307	0.45019161
0.700000	0.000000	0	1	1	t	0.19720184	0.40258191	0.35629836	0.40975633
0.700000	0.000000	0	2	50	n	0.10785164	0.52054337	0.18195976	0.46016885
0.700000	0.000000	0	2	75	n	0.10850561	0.50680368	0.18897034	0.45780418
0.700000	0.000000	0	5	one	t	0.17843709	0.59587334	0.25587232	0.52079455
0.700000	0.000000	0	3	75	t	0.19011667	0.52526162	0.29148051	0.47635333
0.700000	0.000000	0	2	one	t	0.18799996	0.53166982	0.27679593	0.46033997
0.700000	0.000000	0	4	all	t	0.17907374	0.62275757	0.22987328	0.51377315
0.700000	0.000000	0	5	75	t	0.18603105	0.54604267	0.28956348	0.50978018
0.700000	0.000000	0	3	all	n	0.09799942	0.59667780	0.14614623	0.49000202
0.700000	0.000000	0	2	all	t	0.18511398	0.56070389	0.25457511	0.46460000
0.700000	0.000000	0	5	all	t	0.17333686	0.66250094	0.21441265	0.53492810
0.700000	0.000000	0	5	50	n	0.10385476	0.57316143	0.17170292	0.51705827
0.700000	0.000000	0	4	75	t	0.18996051	0.53365216	0.29202924	0.49494397
Confidence	Reliability	NBC	Degree	Strategy	Typed	Precision	Recall	MirP	MirR
0.800000	0.000000	0	1	1	n	0.11688937	0.32599182	0.23308195	0.31902260
0.800000	0.000000	0	4	all	n	0.09284074	0.50664853	0.13965852	0.42378876
0.800000	0.000000	0	5	all	n	0.08822455	0.54624886	0.13259107	0.44611826
0.800000	0.000000	0	3	one	t	0.18248058	0.44364366	0.26921623	0.38957887
0.800000	0.000000	0	3	50	t	0.18656525	0.43574545	0.27813921	0.38908105
0.800000	0.000000	0	3	75	n	0.10355247	0.42166696	0.18656002	0.38492473
0.800000	0.000000	0	2	all	n	0.10056822	0.43988965	0.16280618	0.37163126
0.800000	0.000000	0	5	75	n	0.10192128	0.44394965	0.18786940	0.42131519
0.800000	0.000000	0	4	one	t	0.18132032	0.45995748	0.26731221	0.41193172
0.800000	0.000000	0	2	75	t	0.18960447	0.40183994	0.29198224	0.36564440
0.800000	0.000000	0	3	one	n	0.10740399	0.38847359	0.17989433	0.35375624
0.800000	0.000000	0	4	75	n	0.10432725	0.43137933	0.18725219	0.40494661
0.800000	0.000000	0	4	50	t	0.18690102	0.44848305	0.27684522	0.41004932
0.800000	0.000000	0	4	50	n	0.10370276	0.44848305	0.17740065	0.41004932
0.800000	0.000000	0	2	50	t	0.18907727	0.41004706	0.28506528	0.36769015
0.800000	0.000000	0	4	one	n	0.10512735	0.39884787	0.17254985	0.35786070
0.800000	0.000000	0	2	one	n	0.11073852	0.37654459	0.19180189	0.34797940
0.800000	0.000000	0	5	50	t	0.18460727	0.46549235	0.27628645	0.42818102
0.800000	0.000000	0	3	50	n	0.10309999	0.43574545	0.17869030	0.38908105
0.800000	0.000000	0	3	all	t	0.17970296	0.47964588	0.23839277	0.39827525
0.800000	0.000000	0	5	one	n	0.10513158	0.41161457	0.16681473	0.36076209
0.800000	0.000000	0	1	1	t	0.20163791	0.32599182	0.34274222	0.31902260
0.800000	0.000000	0	2	50	n	0.10558451	0.41004706	0.18367458	0.36769015
0.800000	0.000000	0	2	75	n	0.10627870	0.40183994	0.19068874	0.36564440
0.800000	0.000000	0	5	one	t	0.17708404	0.48065337	0.26237234	0.43072200
0.800000	0.000000	0	3	75	t	0.18698670	0.42166696	0.28655172	0.38492473
0.800000	0.000000	0	2	one	t	0.18647085	0.41959318	0.27951486	0.36749568
0.800000	0.000000	0	4	all	t	0.17662307	0.50664853	0.22903915	0.42378876
0.800000	0.000000	0	5	75	t	0.18407138	0.44394965	0.28855508	0.42131519
0.800000	0.000000	0	3	all	n	0.09606760	0.47964588	0.14798465	0.39827525
0.800000	0.000000	0	2	all	t	0.18373159	0.43988965	0.25865958	0.37163126
0.800000	0.000000	0	5	all	t	0.17106605	0.54624886	0.21539748	0.44611826
0.800000	0.000000	0	5	50	n	0.10183672	0.46549235	0.17741499	0.42818102
0.800000	0.000000	0	4	75	t	0.18724640	0.43137933	0.28817175	0.40494661
Confidence	Reliability	NBC	Degree	Strategy	Typed	Precision	Recall	MirP	MirR
0.900000	0.000000	0	1	1	n	0.14231776	0.15213160	0.32128456	0.13283879
0.900000	0.000000	0	4	all	n	0.11227328	0.25027763	0.20226975	0.19436940
0.900000	0.000000	0	5	all	n	0.11799672	0.26261967	0.20144473	0.20455406
0.900000	0.000000	0	3	one	t	0.22138468	0.20863512	0.41066623	0.17447975
0.900000	0.000000	0	3	50	t	0.22493808	0.21004040	0.41188347	0.17349966
0.900000	0.000000	0	3	75	n	0.12695815	0.19905713	0.27718851	0.17095608
0.900000	0.000000	0	2	all	n	0.12042234	0.20211200	0.25089833	0.15587615
0.900000	0.000000	0	5	75	n	0.13374050	0.20649777	0.28537147	0.18839291
0.900000	0.000000	0	4	one	t	0.22135431	0.21548885	0.41107294	0.18462033
0.900000	0.000000	0	2	75	t	0.22848840	0.18408910	0.44298073	0.15214505
0.900000	0.000000	0	3	one	n	0.12710663	0.18621501	0.25258910	0.15126608
0.900000	0.000000	0	4	75	n	0.12814091	0.20371918	0.28060036	0.18090480
0.900000	0.000000	0	4	50	t	0.22514817	0.21609250	0.41356998	0.18445180
0.900000	0.000000	0	4	50	n	0.12790275	0.21609250	0.26872082	0.18445180
0.900000	0.000000	0	2	50	t	0.22808051	0.18793771	0.43662877	0.15333257
0.900000	0.000000	0	4	one	n	0.12794903	0.19131935	0.24961416	0.15474048
0.900000	0.000000	0	2	one	n	0.13045938	0.17475039	0.28577805	0.14608559
0.900000	0.000000	0	5	50	t	0.23163025	0.22262380	0.41551438	0.19299519
0.900000	0.000000	0	3	50	n	0.12665847	0.21004040	0.26611017	0.17349966
0.900000	0.000000	0	3	all	t	0.21340439	0.23734188	0.35389028	0.18107333
0.900000	0.000000	0	5	one	n	0.12809111	0.19359490	0.24664380	0.15586577
0.900000	0.000000	0	1	1	t	0.24696631	0.15213160	0.47682113	0.13283879
0.900000	0.000000	0	2	50	n	0.12980079	0.18793771	0.28251824	0.15333257
0.900000	0.000000	0	2	75	n	0.13013888	0.18408910	0.28806295	0.15214505
0.900000	0.000000	0	5	one	t	0.22600767	0.21901786	0.41419656	0.19238847
0.900000	0.000000	0	3	75	t	0.22564039	0.19905713	0.42543279	0.17095608
0.900000	0.000000	0	2	one	t	0.22535775	0.19071668	0.43678704	0.15328849
0.900000	0.000000	0	4	all	t	0.21111306	0.25027763	0.33985719	0.19436940
0.900000	0.000000	0	5	75	t	0.23026738	0.20649777	0.43191816	0.18839291
0.900000	0.000000	0	3	all	n	0.11263112	0.23734188	0.20630836	0.18107333
0.900000	0.000000	0	2	all	t	0.21816819	0.20211200	0.40655982	0.15587615
0.900000	0.000000	0	5	all	t	0.21628027	0.26261967	0.33355883	0.20455406
0.900000	0.000000	0	5	50	n	0.13508269	0.22262380	0.27271495	0.19299519
0.900000	0.000000	0	4	75	t	0.22577498	0.20371918	0.42816115	0.18090480
Confidence	Reliability	NBC	Degree	Strategy	Typed	Precision	Recall	MirP	MirR
0.000000	0.300000	0	1	1	n	0.31182256	0.18729941	0.70458413	0.39078973
0.000000	0.300000	0	4	all	n	0.29621683	0.26902311	0.60136623	0.46586790
0.000000	0.300000	0	5	all	n	0.29164636	0.27546806	0.58804762	0.47645704
0.000000	0.300000	0	3	one	t	0.37119377	0.25471283	0.73307101	0.44585120
0.000000	0.300000	0	3	50	t	0.36823507	0.25896784	0.72868459	0.44768952
0.000000	0.300000	0	3	75	n	0.28672272	0.25522276	0.61449100	0.44683389
0.000000	0.300000	0	2	all	n	0.29112437	0.23530385	0.64507582	0.42356318
0.000000	0.300000	0	5	75	n	0.29840839	0.27064556	0.59017798	0.47520989
0.000000	0.300000	0	4	one	t	0.39136625	0.26379941	0.72538231	0.46317654
0.000000	0.300000	0	2	75	t	0.37534955	0.23163379	0.76026510	0.42295386
0.000000	0.300000	0	3	one	n	0.24289575	0.25020730	0.53328825	0.41913980
0.000000	0.300000	0	4	75	n	0.30438478	0.26432003	0.60336371	0.46471668
0.000000	0.300000	0	4	50	t	0.38106750	0.26861425	0.71988923	0.46577456
0.000000	0.300000	0	4	50	n	0.29698754	0.26861425	0.60150142	0.46577456
0.000000	0.300000	0	2	50	t	0.37362115	0.23503847	0.75863030	0.42352947
0.000000	0.300000	0	4	one	n	0.24199498	0.25895593	0.50174274	0.42400655
0.000000	0.300000	0	2	one	n	0.25828580	0.23507796	0.61619609	0.41194986
0.000000	0.300000	0	5	50	t	0.37612154	0.27504433	0.70731069	0.47635333
0.000000	0.300000	0	3	50	n	0.28595659	0.25896784	0.61300538	0.44768952
0.000000	0.300000	0	3	all	t	0.36740401	0.25937669	0.72844917	0.44778287
0.000000	0.300000	0	5	one	n	0.24308737	0.27310505	0.47310025	0.42730983
0.000000	0.300000	0	1	1	t	0.39116568	0.18729941	0.81298344	0.39078973
0.000000	0.300000	0	2	50	n	0.29194397	0.23503847	0.64524106	0.42352947
0.000000	0.300000	0	2	75	n	0.29303552	0.23163379	0.64655801	0.42295386
0.000000	0.300000	0	5	one	t	0.38626262	0.27025847	0.71256726	0.47382791
0.000000	0.300000	0	3	75	t	0.36955045	0.25522276	0.73067155	0.44683389
0.000000	0.300000	0	2	one	t	0.37611532	0.23237048	0.76135716	0.42281126
0.000000	0.300000	0	4	all	t	0.38023924	0.26902311	0.71967012	0.46586790
0.000000	0.300000	0	5	75	t	0.38332026	0.27064556	0.70998633	0.47520989
0.000000	0.300000	0	3	all	n	0.28518417	0.25937669	0.61285686	0.44778287
0.000000	0.300000	0	2	all	t	0.37274138	0.23530385	0.75839481	0.42356318
0.000000	0.300000	0	5	all	t	0.37531291	0.27546806	0.70709718	0.47645704
0.000000	0.300000	0	5	50	n	0.29236685	0.27504433	0.58817748	0.47635333
0.000000	0.300000	0	4	75	t	0.38953996	0.26432003	0.72233283	0.46471668
Confidence	Reliability	NBC	Degree	Strategy	Typed	Precision	Recall	MirP	MirR
0.700000	0.300000	0	1	1	n	0.30481974	0.12573099	0.72521508	0.36478876
0.700000	0.300000	0	4	all	n	0.28738244	0.19429084	0.61522035	0.43550578
0.700000	0.300000	0	5	all	n	0.28232031	0.20152017	0.59957709	0.44699724
0.700000	0.300000	0	3	one	t	0.35961067	0.18307679	0.74664283	0.41591172
0.700000	0.300000	0	3	50	t	0.35713135	0.18686354	0.74246211	0.41743112
0.700000	0.300000	0	3	75	n	0.27754812	0.18360111	0.62960961	0.41682958
0.700000	0.300000	0	2	all	n	0.28613427	0.17101701	0.66063154	0.39962352
0.700000	0.300000	0	5	75	n	0.28860630	0.19732657	0.60158690	0.44605604
0.700000	0.300000	0	4	one	t	0.37953616	0.18967352	0.73816803	0.43319557
0.700000	0.300000	0	2	75	t	0.36584551	0.16740212	0.76945076	0.39902198
0.700000	0.300000	0	3	one	n	0.23752989	0.18666959	0.56504286	0.39415782
0.700000	0.300000	0	4	75	n	0.29509267	0.19022577	0.61707046	0.43466830
0.700000	0.300000	0	4	50	t	0.36952120	0.19403834	0.73270890	0.43547467
0.700000	0.300000	0	4	50	n	0.28784080	0.19403834	0.61531163	0.43547467
0.700000	0.300000	0	2	50	t	0.36486540	0.17078785	0.76781853	0.39959500
0.700000	0.300000	0	4	one	n	0.23620426	0.19528947	0.52825635	0.39893642
0.700000	0.300000	0	2	one	n	0.25660211	0.17271857	0.62918462	0.38736459
0.700000	0.300000	0	5	50	t	0.36398100	0.20125280	0.71786233	0.44695575
0.700000	0.300000	0	3	50	n	0.27709878	0.18686354	0.62826682	0.41743112
0.700000	0.300000	0	3	all	t	0.35663802	0.18711604	0.74231548	0.41746224
0.700000	0.300000	0	5	one	n	0.23671232	0.20948651	0.49454266	0.40225525
0.700000	0.300000	0	1	1	t	0.38116496	0.12573099	0.82436938	0.36478876
0.700000	0.300000	0	2	50	n	0.28662286	0.17078785	0.66075149	0.39959500
0.700000	0.300000	0	2	75	n	0.28719676	0.16740212	0.66210902	0.39902198
0.700000	0.300000	0	5	one	t	0.37393000	0.19688884	0.72306674	0.44473110
0.700000	0.300000	0	3	75	t	0.35799923	0.18360111	0.74416172	0.41682958
0.700000	0.300000	0	2	one	t	0.36730594	0.16804192	0.77040004	0.39896494
0.700000	0.300000	0	4	all	t	0.36903084	0.19429084	0.73257269	0.43550578
0.700000	0.300000	0	5	75	t	0.37105841	0.19732657	0.72033799	0.44605604
0.700000	0.300000	0	3	all	n	0.27663820	0.18711604	0.62816656	0.41746224
0.700000	0.300000	0	2	all	t	0.36434773	0.17101701	0.76765151	0.39962352
0.700000	0.300000	0	5	all	t	0.36352856	0.20152017	0.71772572	0.44699724
0.700000	0.300000	0	5	50	n	0.28270504	0.20125280	0.59966743	0.44695575
0.700000	0.300000	0	4	75	t	0.37782262	0.19022577	0.73492059	0.43466830
Confidence	Reliability	NBC	Degree	Strategy	Typed	Precision	Recall	MirP	MirR
0.800000	0.300000	0	1	1	n	0.31890653	0.09038233	0.74194364	0.28158723
0.800000	0.300000	0	4	all	n	0.30533953	0.15051774	0.63207718	0.35195941
0.800000	0.300000	0	5	all	n	0.29824309	0.15552011	0.61734462	0.36316565
0.800000	0.300000	0	3	one	t	0.37058290	0.13907516	0.76347718	0.33169898
0.800000	0.300000	0	3	50	t	0.36812270	0.14405167	0.75789312	0.33342322
0.800000	0.300000	0	3	75	n	0.29086879	0.14061487	0.65005951	0.33279316
0.800000	0.300000	0	2	all	n	0.29468302	0.13105822	0.68172596	0.31625086
0.800000	0.300000	0	5	75	n	0.30164175	0.15166871	0.61941043	0.36235409
0.800000	0.300000	0	4	one	t	0.39275185	0.14500876	0.75489998	0.34952473
0.800000	0.300000	0	2	75	t	0.37467125	0.12753321	0.78597252	0.31566229
0.800000	0.300000	0	3	one	n	0.26829201	0.12715755	0.58545979	0.31136337
0.800000	0.300000	0	4	75	n	0.30801559	0.14669727	0.63423131	0.35117896
0.800000	0.300000	0	4	50	t	0.38495955	0.15049440	0.74802993	0.35195681
0.800000	0.300000	0	4	50	n	0.30563259	0.15049440	0.63211668	0.35195681
0.800000	0.300000	0	2	50	t	0.37342139	0.13105822	0.78386021	0.31625086
0.800000	0.300000	0	4	one	n	0.26718831	0.13506370	0.54042232	0.31586453
0.800000	0.300000	0	2	one	n	0.27302151	0.11772036	0.65458026	0.30588989
0.800000	0.300000	0	5	50	t	0.37854775	0.15548189	0.73412480	0.36315268
0.800000	0.300000	0	3	50	n	0.29030803	0.14405167	0.64827614	0.33342322
0.800000	0.300000	0	3	all	t	0.36779410	0.14407501	0.75783202	0.33342581
0.800000	0.300000	0	5	one	n	0.26130559	0.14635041	0.50746879	0.31860516
0.800000	0.300000	0	1	1	t	0.39769644	0.09038233	0.83459750	0.28158723
0.800000	0.300000	0	2	50	n	0.29500583	0.13105822	0.68177931	0.31625086
0.800000	0.300000	0	2	75	n	0.29555852	0.12753321	0.68360173	0.31566229
0.800000	0.300000	0	5	one	t	0.38912002	0.15005908	0.74028047	0.36079839
0.800000	0.300000	0	3	75	t	0.36931582	0.14061487	0.76008504	0.33279316
0.800000	0.300000	0	2	one	t	0.37577720	0.12716835	0.78736621	0.31549116
0.800000	0.300000	0	4	all	t	0.38463427	0.15051774	0.74797362	0.35195941
0.800000	0.300000	0	5	75	t	0.38243922	0.15166871	0.73661851	0.36235409
0.800000	0.300000	0	3	all	n	0.29001230	0.14407501	0.64823216	0.33342581
0.800000	0.300000	0	2	all	t	0.37307759	0.13105822	0.78378969	0.31625086
0.800000	0.300000	0	5	all	t	0.37818319	0.15552011	0.73405867	0.36316565
0.800000	0.300000	0	5	50	n	0.29850409	0.15548189	0.61739061	0.36315268
0.800000	0.300000	0	4	75	t	0.38888220	0.14669727	0.75061655	0.35117896
Confidence	Reliability	NBC	Degree	Strategy	Typed	Precision	Recall	MirP	MirR
0.900000	0.300000	0	1	1	n	0.28404008	0.02765129	0.82719066	0.11498971
0.900000	0.300000	0	4	all	n	0.28261286	0.05278213	0.68347068	0.15203615
0.900000	0.300000	0	5	all	n	0.28399213	0.05545690	0.67399770	0.15931684
0.900000	0.300000	0	3	one	t	0.33714305	0.04621732	0.83696570	0.14129403
0.900000	0.300000	0	3	50	t	0.33218465	0.04796263	0.82779693	0.14260082
0.900000	0.300000	0	3	75	n	0.26082014	0.04758847	0.72240776	0.14245562
0.900000	0.300000	0	2	all	n	0.27941611	0.04303095	0.76413658	0.12753904
0.900000	0.300000	0	5	75	n	0.27829498	0.05508416	0.67478924	0.15918201
0.900000	0.300000	0	4	one	t	0.35881485	0.05084476	0.80737058	0.14990484
0.900000	0.300000	0	2	75	t	0.33715024	0.04266385	0.85140896	0.12738087
0.900000	0.300000	0	3	one	n	0.23606816	0.04416390	0.63193770	0.12644227
0.900000	0.300000	0	4	75	n	0.27691404	0.05240759	0.68434087	0.15189614
0.900000	0.300000	0	4	50	t	0.35026814	0.05278213	0.79576853	0.15203615
0.900000	0.300000	0	4	50	n	0.28261286	0.05278213	0.68347068	0.15203615
0.900000	0.300000	0	2	50	t	0.34348586	0.04303095	0.85015296	0.12753904
0.900000	0.300000	0	4	one	n	0.23533439	0.05018819	0.58337974	0.13038078
0.900000	0.300000	0	2	one	n	0.24787474	0.04041048	0.74469412	0.12382091
0.900000	0.300000	0	5	50	t	0.35012907	0.05545690	0.78105734	0.15931684
0.900000	0.300000	0	3	50	n	0.26608226	0.04796263	0.72140824	0.14260082
0.900000	0.300000	0	3	all	t	0.33218465	0.04796263	0.82779693	0.14260082
0.900000	0.300000	0	5	one	n	0.22476222	0.05272977	0.55370792	0.13166424
0.900000	0.300000	0	1	1	t	0.34638589	0.02765129	0.89840775	0.11498971
0.900000	0.300000	0	2	50	n	0.27941611	0.04303095	0.76413658	0.12753904
0.900000	0.300000	0	2	75	n	0.27396940	0.04266385	0.76525748	0.12738087
0.900000	0.300000	0	5	one	t	0.35867845	0.05354924	0.79143499	0.15721664
0.900000	0.300000	0	3	75	t	0.32604964	0.04758847	0.82900038	0.14245562
0.900000	0.300000	0	2	one	t	0.34776598	0.04275973	0.85228200	0.12729272
0.900000	0.300000	0	4	all	t	0.35026814	0.05278213	0.79576853	0.15203615
0.900000	0.300000	0	5	75	t	0.34399911	0.05508416	0.78198678	0.15918201
0.900000	0.300000	0	3	all	n	0.26608226	0.04796263	0.72140824	0.14260082
0.900000	0.300000	0	2	all	t	0.34348586	0.04303095	0.85015296	0.12753904
0.900000	0.300000	0	5	all	t	0.35012907	0.05545690	0.78105734	0.15931684
0.900000	0.300000	0	5	50	n	0.28399213	0.05545690	0.67399770	0.15931684
0.900000	0.300000	0	4	75	t	0.34413570	0.05240759	0.79679828	0.15189614
Confidence	Reliability	NBC	Degree	Strategy	Typed	Precision	Recall	MirP	MirR
0.000000	0.500000	0	1	1	n	0.34906786	0.08918978	0.80144518	0.36378793
0.000000	0.500000	0	4	all	n	0.34254231	0.12312967	0.75124625	0.40832767
0.000000	0.500000	0	5	all	n	0.33992084	0.12638752	0.74578982	0.41589098
0.000000	0.500000	0	3	one	t	0.38605206	0.11598657	0.86253950	0.39564352
0.000000	0.500000	0	3	50	t	0.38362111	0.11715129	0.86178215	0.39597540
0.000000	0.500000	0	3	75	n	0.33460554	0.11667789	0.75714243	0.39579390
0.000000	0.500000	0	2	all	n	0.34370123	0.10210510	0.77763584	0.38197667
0.000000	0.500000	0	5	75	n	0.34201407	0.12590510	0.74607717	0.41570689
0.000000	0.500000	0	4	one	t	0.39496940	0.12180803	0.85997879	0.40784540
0.000000	0.500000	0	2	75	t	0.38925563	0.10193658	0.88306877	0.38195075
0.000000	0.500000	0	3	one	n	0.27607488	0.11247710	0.66661229	0.38145292
0.000000	0.500000	0	4	75	n	0.34364590	0.12264725	0.75152418	0.40814358
0.000000	0.500000	0	4	50	t	0.39105627	0.12312967	0.85915908	0.40832767
0.000000	0.500000	0	4	50	n	0.34254231	0.12312967	0.75124625	0.40832767
0.000000	0.500000	0	2	50	t	0.38888246	0.10210510	0.88294876	0.38197667
0.000000	0.500000	0	4	one	n	0.27357383	0.11625794	0.63283022	0.38331976
0.000000	0.500000	0	2	one	n	0.29427059	0.10584468	0.75354604	0.37839078
0.000000	0.500000	0	5	50	t	0.38826825	0.12638752	0.85197244	0.41589098
0.000000	0.500000	0	3	50	n	0.33436414	0.11715129	0.75687396	0.39597540
0.000000	0.500000	0	3	all	t	0.38362111	0.11715129	0.86178215	0.39597540
0.000000	0.500000	0	5	one	n	0.27599189	0.12044482	0.61769160	0.38497659
0.000000	0.500000	0	1	1	t	0.39236657	0.08918978	0.90082310	0.36378793
0.000000	0.500000	0	2	50	n	0.34370123	0.10210510	0.77763584	0.38197667
0.000000	0.500000	0	2	75	n	0.34399648	0.10193658	0.77773085	0.38195075
0.000000	0.500000	0	5	one	t	0.39270220	0.12507294	0.85279793	0.41541389
0.000000	0.500000	0	3	75	t	0.38394827	0.11667789	0.86216070	0.39579390
0.000000	0.500000	0	2	one	t	0.39097660	0.10135697	0.88338262	0.38181851
0.000000	0.500000	0	4	all	t	0.39105627	0.12312967	0.85915908	0.40832767
0.000000	0.500000	0	5	75	t	0.39084091	0.12590510	0.85236498	0.41570689
0.000000	0.500000	0	3	all	n	0.33436414	0.11715129	0.75687396	0.39597540
0.000000	0.500000	0	2	all	t	0.38888246	0.10210510	0.88294876	0.38197667
0.000000	0.500000	0	5	all	t	0.38826825	0.12638752	0.85197244	0.41589098
0.000000	0.500000	0	5	50	n	0.33992084	0.12638752	0.74578982	0.41589098
0.000000	0.500000	0	4	75	t	0.39332838	0.12264725	0.85955016	0.40814358
Confidence	Reliability	NBC	Degree	Strategy	Typed	Precision	Recall	MirP	MirR
0.700000	0.500000	0	1	1	n	0.35842688	0.07078909	0.81570554	0.34218441
0.700000	0.500000	0	4	all	n	0.34818813	0.09017144	0.77276416	0.38019280
0.700000	0.500000	0	5	all	n	0.34506030	0.09334853	0.76607870	0.38793761
0.700000	0.500000	0	3	one	t	0.38847583	0.08725083	0.88403487	0.36812056
0.700000	0.500000	0	3	50	t	0.38510630	0.08798883	0.88346260	0.36829687
0.700000	0.500000	0	3	75	n	0.34062937	0.08780408	0.77907111	0.36825279
0.700000	0.500000	0	2	all	n	0.35239743	0.08292170	0.78992557	0.36187701
0.700000	0.500000	0	5	75	n	0.34790718	0.09315476	0.76622585	0.38789093
0.700000	0.500000	0	4	one	t	0.39752263	0.08927652	0.88149891	0.37986611
0.700000	0.500000	0	2	75	t	0.39376972	0.08279923	0.88969923	0.36185626
0.700000	0.500000	0	3	one	n	0.28910346	0.09049565	0.72026859	0.36017351
0.700000	0.500000	0	4	75	n	0.34986851	0.08997767	0.77289333	0.38014613
0.700000	0.500000	0	4	50	t	0.39264131	0.09017144	0.88083667	0.38019280
0.700000	0.500000	0	4	50	n	0.34818813	0.09017144	0.77276416	0.38019280
0.700000	0.500000	0	2	50	t	0.39287053	0.08292170	0.88958576	0.36187701
0.700000	0.500000	0	4	one	n	0.28699555	0.09400563	0.68067965	0.36188738
0.700000	0.500000	0	2	one	n	0.30039577	0.08665521	0.76462673	0.35803702
0.700000	0.500000	0	5	50	t	0.38917923	0.09334853	0.87216480	0.38793761
0.700000	0.500000	0	3	50	n	0.33982629	0.08798883	0.77896353	0.36829687
0.700000	0.500000	0	3	all	t	0.38510630	0.08798883	0.88346260	0.36829687
0.700000	0.500000	0	5	one	n	0.28895095	0.09820792	0.66210199	0.36355198
0.700000	0.500000	0	1	1	t	0.39707401	0.07078909	0.90779834	0.34218441
0.700000	0.500000	0	2	50	n	0.35239743	0.08292170	0.78992557	0.36187701
0.700000	0.500000	0	2	75	n	0.35323581	0.08279923	0.79001891	0.36185626
0.700000	0.500000	0	5	one	t	0.39475153	0.09246067	0.87284118	0.38761609
0.700000	0.500000	0	3	75	t	0.38599082	0.08780408	0.88360417	0.36825279
0.700000	0.500000	0	2	one	t	0.39568876	0.08227149	0.89001167	0.36173181
0.700000	0.500000	0	4	all	t	0.39264131	0.09017144	0.88083667	0.38019280
0.700000	0.500000	0	5	75	t	0.39249272	0.09315476	0.87234464	0.38789093
0.700000	0.500000	0	3	all	n	0.33982629	0.08798883	0.77896353	0.36829687
0.700000	0.500000	0	2	all	t	0.39287053	0.08292170	0.88958576	0.36187701
0.700000	0.500000	0	5	all	t	0.38917923	0.09334853	0.87216480	0.38793761
0.700000	0.500000	0	5	50	n	0.34506030	0.09334853	0.76607870	0.38793761
0.700000	0.500000	0	4	75	t	0.39547728	0.08997767	0.88100374	0.38014613
Confidence	Reliability	NBC	Degree	Strategy	Typed	Precision	Recall	MirP	MirR
0.800000	0.500000	0	1	1	n	0.36365783	0.05184449	0.82424889	0.26262063
0.800000	0.500000	0	4	all	n	0.35835386	0.06580447	0.78427279	0.30390118
0.800000	0.500000	0	5	all	n	0.35686658	0.06863909	0.77724395	0.31165895
0.800000	0.500000	0	3	one	t	0.39882644	0.06324574	0.89349606	0.29137000
0.800000	0.500000	0	3	50	t	0.39632324	0.06377055	0.89288182	0.29151002
0.800000	0.500000	0	3	75	n	0.35123041	0.06361740	0.79327500	0.29147372
0.800000	0.500000	0	2	all	n	0.36055222	0.06042305	0.80436106	0.28435379
0.800000	0.500000	0	5	75	n	0.35951314	0.06847692	0.77740836	0.31162006
0.800000	0.500000	0	4	one	t	0.40804801	0.06513718	0.89079236	0.30362116
0.800000	0.500000	0	2	75	t	0.40273152	0.06030058	0.89631131	0.28433304
0.800000	0.500000	0	3	one	n	0.30059328	0.06379808	0.72914409	0.28259584
0.800000	0.500000	0	4	75	n	0.36026811	0.06564230	0.78442436	0.30386229
0.800000	0.500000	0	4	50	t	0.40380913	0.06580447	0.89009721	0.30390118
0.800000	0.500000	0	4	50	n	0.35835386	0.06580447	0.78427279	0.30390118
0.800000	0.500000	0	2	50	t	0.40225598	0.06042305	0.89619357	0.28435379
0.800000	0.500000	0	4	one	n	0.29878313	0.06709759	0.67963489	0.28418007
0.800000	0.500000	0	2	one	n	0.30282721	0.06106198	0.77948759	0.28067196
0.800000	0.500000	0	5	50	t	0.40227232	0.06863909	0.88050222	0.31165895
0.800000	0.500000	0	3	50	n	0.35079455	0.06377055	0.79314991	0.29151002
0.800000	0.500000	0	3	all	t	0.39632324	0.06377055	0.89288182	0.29151002
0.800000	0.500000	0	5	one	n	0.30633801	0.07018986	0.65969527	0.28559576
0.800000	0.500000	0	1	1	t	0.40563298	0.05184449	0.90844432	0.26262063
0.800000	0.500000	0	2	50	n	0.36055222	0.06042305	0.80436106	0.28435379
0.800000	0.500000	0	2	75	n	0.36093182	0.06030058	0.80446169	0.28433304
0.800000	0.500000	0	5	one	t	0.40661090	0.06797886	0.88119102	0.31138411
0.800000	0.500000	0	3	75	t	0.39687961	0.06361740	0.89304014	0.29147372
0.800000	0.500000	0	2	one	t	0.40490216	0.05994466	0.89662449	0.28423711
0.800000	0.500000	0	4	all	t	0.40380913	0.06580447	0.89009721	0.30390118
0.800000	0.500000	0	5	75	t	0.40500501	0.06847692	0.88069556	0.31162006
0.800000	0.500000	0	3	all	n	0.35079455	0.06377055	0.79314991	0.29151002
0.800000	0.500000	0	2	all	t	0.40225598	0.06042305	0.89619357	0.28435379
0.800000	0.500000	0	5	all	t	0.40227232	0.06863909	0.88050222	0.31165895
0.800000	0.500000	0	5	50	n	0.35686658	0.06863909	0.77724395	0.31165895
0.800000	0.500000	0	4	75	t	0.40650348	0.06564230	0.89028754	0.30386229
Confidence	Reliability	NBC	Degree	Strategy	Typed	Precision	Recall	MirP	MirR
0.900000	0.500000	0	1	1	n	0.29287769	0.01490453	0.91256166	0.10697006
0.900000	0.500000	0	4	all	n	0.30612075	0.01947325	0.85101454	0.12668858
0.900000	0.500000	0	5	all	n	0.30310614	0.02098625	0.84595007	0.13082157
0.900000	0.500000	0	3	one	t	0.31914735	0.01822241	0.95507148	0.12368349
0.900000	0.500000	0	3	50	t	0.31956885	0.01825381	0.95486931	0.12370682
0.900000	0.500000	0	3	75	n	0.29503458	0.01825381	0.86307887	0.12370682
0.900000	0.500000	0	2	all	n	0.29500481	0.01646595	0.90159058	0.11316694
0.900000	0.500000	0	5	75	n	0.30312033	0.02098537	0.84601841	0.13081897
0.900000	0.500000	0	4	one	t	0.32956166	0.01932891	0.94087255	0.12654079
0.900000	0.500000	0	2	75	t	0.31868597	0.01646595	0.96316893	0.11316694
0.900000	0.500000	0	3	one	n	0.25996720	0.01889642	0.75825862	0.11403036
0.900000	0.500000	0	4	75	n	0.30613765	0.01947237	0.85108607	0.12668599
0.900000	0.500000	0	4	50	t	0.33081639	0.01947325	0.94061140	0.12668858
0.900000	0.500000	0	4	50	n	0.30612075	0.01947325	0.85101454	0.12668858
0.900000	0.500000	0	2	50	t	0.31851371	0.01646595	0.96306267	0.11316694
0.900000	0.500000	0	4	one	n	0.25750890	0.02037575	0.73650672	0.11477709
0.900000	0.500000	0	2	one	n	0.28416007	0.01673531	0.89449153	0.11245910
0.900000	0.500000	0	5	50	t	0.32705846	0.02098625	0.93236626	0.13082157
0.900000	0.500000	0	3	50	n	0.29497522	0.01825381	0.86300081	0.12370682
0.900000	0.500000	0	3	all	t	0.31956885	0.01825381	0.95486931	0.12370682
0.900000	0.500000	0	5	one	n	0.24277771	0.02116134	0.71217150	0.11516343
0.900000	0.500000	0	1	1	t	0.31229917	0.01490453	0.96813254	0.10697006
0.900000	0.500000	0	2	50	n	0.29500481	0.01646595	0.90159058	0.11316694
0.900000	0.500000	0	2	75	n	0.29519461	0.01646595	0.90170234	0.11316694
0.900000	0.500000	0	5	one	t	0.32582184	0.02084191	0.93260548	0.13067377
0.900000	0.500000	0	3	75	t	0.31961179	0.01825381	0.95494576	0.12370682
0.900000	0.500000	0	2	one	t	0.31813748	0.01643455	0.96326792	0.11314361
0.900000	0.500000	0	4	all	t	0.33081639	0.01947325	0.94061140	0.12668858
0.900000	0.500000	0	5	75	t	0.32706033	0.02098537	0.93241670	0.13081897
0.900000	0.500000	0	3	all	n	0.29497522	0.01825381	0.86300081	0.12370682
0.900000	0.500000	0	2	all	t	0.31851371	0.01646595	0.96306267	0.11316694
0.900000	0.500000	0	5	all	t	0.32705846	0.02098625	0.93236626	0.13082157
0.900000	0.500000	0	5	50	n	0.30310614	0.02098625	0.84595007	0.13082157
0.900000	0.500000	0	4	75	t	0.33081855	0.01947237	0.94066459	0.12668599
Confidence	Reliability	NBC	Degree	Strategy	Typed	Precision	Recall	MirP	MirR
0.000000	0.000000	1	1	1	n	0.37073996	0.22846757	0.77755682	0.39437303
0.000000	0.000000	1	4	all	n	0.34627242	0.34236158	0.67141559	0.47325748
0.000000	0.000000	1	5	all	n	0.35362769	0.35317319	0.65876278	0.48623463
0.000000	0.000000	1	3	one	t	0.42564217	0.32618555	0.76236863	0.45271703
0.000000	0.000000	1	3	50	t	0.42767278	0.32120541	0.76384685	0.45147766
0.000000	0.000000	1	3	75	n	0.35599435	0.31574201	0.70044028	0.44961859
0.000000	0.000000	1	2	all	n	0.35106282	0.31513308	0.70520725	0.43271330
0.000000	0.000000	1	5	75	n	0.37329371	0.33123770	0.68211994	0.47767568
0.000000	0.000000	1	4	one	t	0.42835036	0.33551529	0.75091566	0.47045204
0.000000	0.000000	1	2	75	t	0.42797594	0.30244824	0.78404426	0.42987674
0.000000	0.000000	1	3	one	n	0.35635163	0.25944724	0.73464802	0.41457122
0.000000	0.000000	1	4	75	n	0.36224162	0.32359427	0.69114668	0.46625942
0.000000	0.000000	1	4	50	t	0.43152377	0.32979986	0.75311796	0.46861371
0.000000	0.000000	1	4	50	n	0.35609301	0.32979986	0.68309516	0.46861371
0.000000	0.000000	1	2	50	t	0.42574410	0.30697934	0.77977399	0.43101499
0.000000	0.000000	1	4	one	n	0.35593184	0.26160835	0.72999941	0.41599469
0.000000	0.000000	1	2	one	n	0.36524724	0.25667551	0.74187364	0.41240102
0.000000	0.000000	1	5	50	t	0.44747512	0.33879206	0.74279380	0.48127194
0.000000	0.000000	1	3	50	n	0.34947502	0.32120541	0.69392415	0.45147766
0.000000	0.000000	1	3	all	t	0.42109242	0.33199969	0.75652395	0.45476019
0.000000	0.000000	1	5	one	n	0.34990973	0.26238073	0.72787053	0.41643288
0.000000	0.000000	1	1	1	t	0.44395335	0.22846757	0.83894187	0.39437303
0.000000	0.000000	1	2	50	n	0.34935866	0.30697934	0.71054015	0.43101499
0.000000	0.000000	1	2	75	n	0.35195963	0.30244824	0.71562872	0.42987674
0.000000	0.000000	1	5	one	t	0.43211868	0.34579947	0.73982701	0.48323990
0.000000	0.000000	1	3	75	t	0.43382219	0.31574201	0.76937889	0.44961859
0.000000	0.000000	1	2	one	t	0.42857349	0.31069543	0.77909312	0.43155171
0.000000	0.000000	1	4	all	t	0.42304963	0.34236158	0.74330708	0.47325748
0.000000	0.000000	1	5	75	t	0.44474474	0.33123770	0.75085181	0.47767568
0.000000	0.000000	1	3	all	n	0.34269861	0.33199969	0.68538347	0.45476019
0.000000	0.000000	1	2	all	t	0.42729573	0.31513308	0.77489332	0.43271330
0.000000	0.000000	1	5	all	t	0.42665498	0.35317319	0.73151608	0.48623463
0.000000	0.000000	1	5	50	n	0.37486236	0.33879206	0.67255829	0.48127194
0.000000	0.000000	1	4	75	t	0.43653647	0.32359427	0.75982068	0.46625942
Confidence	Reliability	NBC	Degree	Strategy	Typed	Precision	Recall	MirP	MirR
0.700000	0.000000	1	1	1	n	0.37397713	0.16350321	0.79484855	0.36821908
0.700000	0.000000	1	4	all	n	0.35492635	0.27719360	0.68350617	0.44468183
0.700000	0.000000	1	5	all	n	0.36439771	0.28999130	0.66925223	0.45905652
0.700000	0.000000	1	3	one	t	0.42329361	0.26246344	0.76987808	0.42390025
0.700000	0.000000	1	3	50	t	0.42244635	0.25571935	0.77096884	0.42289163
0.700000	0.000000	1	3	75	n	0.36437070	0.25086457	0.71233003	0.42106887
0.700000	0.000000	1	2	all	n	0.35753693	0.25394557	0.71928113	0.40907182
0.700000	0.000000	1	5	75	n	0.38165003	0.26645775	0.69304858	0.45057016
0.700000	0.000000	1	4	one	t	0.42634323	0.27062807	0.75903550	0.44188935
0.700000	0.000000	1	2	75	t	0.42218891	0.23920866	0.79289902	0.40642453
0.700000	0.000000	1	3	one	n	0.36027704	0.19422451	0.74968011	0.39041376
0.700000	0.000000	1	4	75	n	0.37065682	0.25763146	0.70350317	0.43795342
0.700000	0.000000	1	4	50	t	0.42648543	0.26322932	0.76067771	0.44026364
0.700000	0.000000	1	4	50	n	0.36473375	0.26322932	0.69502147	0.44026364
0.700000	0.000000	1	2	50	t	0.42025716	0.24361641	0.78855927	0.40753686
0.700000	0.000000	1	4	one	n	0.36014742	0.19645860	0.74532382	0.39187872
0.700000	0.000000	1	2	one	n	0.36773362	0.19127883	0.75741595	0.38802058
0.700000	0.000000	1	5	50	t	0.44240438	0.27351645	0.74886915	0.45415087
0.700000	0.000000	1	3	50	n	0.35801297	0.25571935	0.70551086	0.42289163
0.700000	0.000000	1	3	all	t	0.41777613	0.26796750	0.76357331	0.42591488
0.700000	0.000000	1	5	one	n	0.35623161	0.19724755	0.74287370	0.39232209
0.700000	0.000000	1	1	1	t	0.42948258	0.16350321	0.84987941	0.36821908
0.700000	0.000000	1	2	50	n	0.35775705	0.24361641	0.72493393	0.40753686
0.700000	0.000000	1	2	75	n	0.36009995	0.23920866	0.73020968	0.40642453
0.700000	0.000000	1	5	one	t	0.43014734	0.28273695	0.74631273	0.45604883
0.700000	0.000000	1	3	75	t	0.42828648	0.25086457	0.77667354	0.42106887
0.700000	0.000000	1	2	one	t	0.42563393	0.24985145	0.78806046	0.40795949
0.700000	0.000000	1	4	all	t	0.42030282	0.27719360	0.75094249	0.44468183
0.700000	0.000000	1	5	75	t	0.43922729	0.26645775	0.75725553	0.45057016
0.700000	0.000000	1	3	all	n	0.35090670	0.26796750	0.69684552	0.42591488
0.700000	0.000000	1	2	all	t	0.42138996	0.25394557	0.78344813	0.40907182
0.700000	0.000000	1	5	all	t	0.42580464	0.28999130	0.73751255	0.45905652
0.700000	0.000000	1	5	50	n	0.38361200	0.27351645	0.68301585	0.45415087
0.700000	0.000000	1	4	75	t	0.43117814	0.25763146	0.76767048	0.43795342
Confidence	Reliability	NBC	Degree	Strategy	Typed	Precision	Recall	MirP	MirR
0.800000	0.000000	1	1	1	n	0.37181550	0.11031149	0.80465436	0.28186207
0.800000	0.000000	1	4	all	n	0.36651859	0.19356497	0.70090311	0.35617795
0.800000	0.000000	1	5	all	n	0.37428003	0.20479264	0.68888225	0.37086378
0.800000	0.000000	1	3	one	t	0.43956116	0.17795669	0.79223736	0.33474297
0.800000	0.000000	1	3	50	t	0.42831692	0.17354985	0.79199562	0.33397549
0.800000	0.000000	1	3	75	n	0.36901438	0.16856915	0.73546827	0.33203605
0.800000	0.000000	1	2	all	n	0.36931230	0.16880606	0.74276708	0.31951784
0.800000	0.000000	1	5	75	n	0.38361176	0.18384804	0.71494029	0.36289599
0.800000	0.000000	1	4	one	t	0.43905483	0.18763966	0.77769222	0.35352029
0.800000	0.000000	1	2	75	t	0.42445408	0.15724739	0.81640852	0.31720243
0.800000	0.000000	1	3	one	n	0.35680849	0.13534082	0.76259748	0.30705148
0.800000	0.000000	1	4	75	n	0.37403991	0.17605536	0.72350562	0.34966993
0.800000	0.000000	1	4	50	t	0.42903406	0.18215425	0.77832173	0.35203460
0.800000	0.000000	1	4	50	n	0.37015001	0.18215425	0.71314816	0.35203460
0.800000	0.000000	1	2	50	t	0.42863931	0.16139785	0.81102919	0.31829402
0.800000	0.000000	1	4	one	n	0.35528668	0.13767275	0.75684820	0.30854754
0.800000	0.000000	1	2	one	n	0.35801977	0.13206596	0.77257261	0.30436530
0.800000	0.000000	1	5	50	t	0.44380195	0.19132991	0.76805438	0.36617593
0.800000	0.000000	1	3	50	n	0.36645304	0.17354985	0.72701258	0.33397549
0.800000	0.000000	1	3	all	t	0.42943229	0.18288850	0.78406415	0.33668501
0.800000	0.000000	1	5	one	n	0.35105283	0.13841319	0.75395088	0.30899870
0.800000	0.000000	1	1	1	t	0.42219974	0.11031149	0.85967118	0.28186207
0.800000	0.000000	1	2	50	n	0.36636333	0.16139785	0.74827042	0.31829402
0.800000	0.000000	1	2	75	n	0.36195456	0.15724739	0.75494449	0.31720243
0.800000	0.000000	1	5	one	t	0.44153858	0.19818235	0.76651597	0.36795461
0.800000	0.000000	1	3	75	t	0.43010139	0.16856915	0.79892071	0.33203605
0.800000	0.000000	1	2	one	t	0.44045959	0.16535599	0.81176152	0.31850144
0.800000	0.000000	1	4	all	t	0.43089918	0.19356497	0.76761886	0.35617795
0.800000	0.000000	1	5	75	t	0.43811580	0.18384804	0.77782038	0.36289599
0.800000	0.000000	1	3	all	n	0.36561534	0.18288850	0.71803322	0.33668501
0.800000	0.000000	1	2	all	t	0.43269203	0.16880606	0.80595814	0.31951784
0.800000	0.000000	1	5	all	t	0.43261290	0.20479264	0.75578194	0.37086378
0.800000	0.000000	1	5	50	n	0.38832866	0.19132991	0.70311014	0.36617593
0.800000	0.000000	1	4	75	t	0.43200721	0.17605536	0.78674562	0.34966993
Confidence	Reliability	NBC	Degree	Strategy	Typed	Precision	Recall	MirP	MirR
0.900000	0.000000	1	1	1	n	0.39199941	0.02787643	0.89645737	0.11127676
0.900000	0.000000	1	4	all	n	0.40558596	0.05697454	0.78634450	0.14673899
0.900000	0.000000	1	5	all	n	0.41499564	0.06227530	0.78241227	0.15447083
0.900000	0.000000	1	3	one	t	0.46479228	0.04829471	0.86704331	0.13728032
0.900000	0.000000	1	3	50	t	0.46322555	0.04808478	0.86744988	0.13688362
0.900000	0.000000	1	3	75	n	0.39813231	0.04657604	0.82860971	0.13629764
0.900000	0.000000	1	2	all	n	0.40338856	0.04408134	0.84618799	0.12357200
0.900000	0.000000	1	5	75	n	0.39609493	0.05259993	0.80068103	0.15058935
0.900000	0.000000	1	4	one	t	0.46014710	0.05192329	0.84003195	0.14452989
0.900000	0.000000	1	2	75	t	0.43408264	0.04037213	0.88828599	0.12266969
0.900000	0.000000	1	3	one	n	0.39826504	0.03974670	0.85670143	0.12076914
0.900000	0.000000	1	4	75	n	0.39718012	0.05005745	0.80224075	0.14370019
0.900000	0.000000	1	4	50	t	0.46188439	0.05184347	0.83862430	0.14459212
0.900000	0.000000	1	4	50	n	0.40954255	0.05184347	0.79661162	0.14459212
0.900000	0.000000	1	2	50	t	0.44897707	0.04091599	0.88611641	0.12292379
0.900000	0.000000	1	4	one	n	0.39097637	0.04191169	0.84659457	0.12259968
0.900000	0.000000	1	2	one	n	0.40319248	0.03748847	0.87075037	0.11893860
0.900000	0.000000	1	5	50	t	0.47257786	0.05505868	0.83529580	0.15174576
0.900000	0.000000	1	3	50	n	0.41592017	0.04808478	0.82445263	0.13688362
0.900000	0.000000	1	3	all	t	0.46148500	0.05265407	0.85974502	0.13865712
0.900000	0.000000	1	5	one	n	0.39186821	0.04247255	0.84390357	0.12289267
0.900000	0.000000	1	1	1	t	0.42648454	0.02787643	0.92356194	0.11127676
0.900000	0.000000	1	2	50	n	0.40571677	0.04091599	0.85023314	0.12292379
0.900000	0.000000	1	2	75	n	0.38945505	0.04037213	0.85258871	0.12266969
0.900000	0.000000	1	5	one	t	0.46652615	0.05683900	0.83564726	0.15216061
0.900000	0.000000	1	3	75	t	0.44330835	0.04657604	0.87083361	0.13629764
0.900000	0.000000	1	2	one	t	0.44986971	0.04208980	0.88611044	0.12311825
0.900000	0.000000	1	4	all	t	0.45579477	0.05697454	0.82976321	0.14673899
0.900000	0.000000	1	5	75	t	0.44081956	0.05259993	0.84029978	0.15058935
0.900000	0.000000	1	3	all	n	0.41479084	0.05265407	0.81548409	0.13865712
0.900000	0.000000	1	2	all	t	0.44535832	0.04408134	0.88272119	0.12357200
0.900000	0.000000	1	5	all	t	0.46060635	0.06227530	0.82520950	0.15447083
0.900000	0.000000	1	5	50	n	0.42334527	0.05505868	0.79448577	0.15174576
0.900000	0.000000	1	4	75	t	0.44202788	0.05005745	0.84307402	0.14370019
